20

10 10
3
8 5
8 1
5 5
1 1

10 10
6
9 2
4 1
9 0
8 0
7 6
0 6
1 1

10 10
5
3 5
5 0
0 1
9 3
9 6
5 5

10 10
3
6 1
8 6
2 2
5 5

10 10
5
8 5
0 8
5 5
5 4
6 8
3 1

10 10
4
4 2
7 9
9 1
1 6
2 2

10 10
7
4 3
1 5
6 0
6 2
9 2
0 7
6 9
1 1

10 10
6
8 3
4 6
7 3
0 4
3 5
2 0
2 1

10 10
9
0 2
5 1
2 5
7 8
6 7
7 6
3 8
3 1
5 2
2 1

10 10
10
6 2
4 9
2 7
9 8
4 0
6 4
9 5
0 6
1 2
1 8
4 4

10 10
6
0 8
2 1
9 2
1 0
5 9
6 0
5 5

10 10
6
0 4
5 7
9 9
9 3
2 3
1 9
1 1

10 10
9
2 9
4 8
6 4
0 3
5 5
2 2
1 6
8 3
7 8
2 2

10 10
5
0 8
9 6
8 2
8 1
6 5
2 1

10 10
9
7 1
8 0
0 2
0 6
7 7
1 0
2 4
1 3
0 9
1 1

10 10
10
7 5
4 8
5 7
4 3
2 4
3 3
7 8
1 8
5 4
0 2
4 3

10 10
3
5 7
5 2
0 7
2 2

10 10
10
3 9
1 7
3 3
3 6
7 9
4 8
9 1
9 6
7 2
7 7
4 3

10 10
6
3 5
3 7
4 6
1 3
6 5
1 5
4 4

10 10
10
7 8
8 9
0 5
6 8
9 5
9 9
7 1
3 4
8 8
4 8
1 1
